514
797
-1844
-2925
-4177
-5155
13365
7987
4106
9532
-7296
-5910
9280
-3304
2463
-10527
-2923
12164
-618
-11532
-13335
-3316
15984
-1572
-13867
-7673
-3772
7894
6841
-6731
-12806
11587
5033
9179
14412
-2290
9214
-10832
14014
-12865
4228
-6213
3811
10576
2019
-4087
-9583
816
-2080
-10094
-12047
4951
5088
11267
-2461
10174
931
12057
-6012
-5783
-2379
-10540
12580
1426
-3965
5755
-1353
6349
5189
3959
-6515
682
4310
102
7788
-6999
15034
-9144
-1876
12951
-3216
-11897
-501
13346
8127
3763
11061
-7923
-9871
-9607
11624
4820
14475
-11311
12082
-15437
-2328
15610
-8119
-4259
-2062
-2022
4629
13638
-5989
8242
15189
-7438
8178
-5751
6866
-13699
-7659
-8010
-5705
13695
11814
-3525
16062
-4871
14133
-719
-14859
3370
11509
4515
-14379
-12411
12601
-2593
12761
-10627
3659
-10673
5474
-12836
-1989
-7738
-12228
3122
-6233
3898
5957
3139
-4603
-12484
-6878
-6665
8210
-10048
13954
-7039
1473
3292
-7950
2263
5671
-4239
7643
10515
-11882
15003
9856
15524
-2747
-5536
-13943
931
6602
-12605
-1453
12812
3082
7558
-15370
-4301
7644
-15934
6898
-12072
-10007
-14138
135
5675
16374
-6560
-5656
-1736
9277
905
9474
202
6244
-4123
952
-4246
-227
8795
3727
-6024
13938
-7424
6248
9861
-8915
-7708
-8957
14319
8591
11744
-12128
9773
-9815
-5388
12060
10217
15340
-10038
-1604
11092
12188
-7702
10243
1291
-12411
-15820
-12095
2091
-14022
14806
736
-15494
8788
-4249
1802
-8489
-5092
3771
1919
-3305
13252
9243
1614
-10008
12746
9781
13074
-9036
-6765
-5720
12599
14867
6215
12993
2023
-3500
9575
-3256
14691
185
-7179
-14823
11704
2667
-6605
-7379
10072
-4628
10512
-14144
-3664
-13752
-2983
-2849
14303
-10010
4527
-2187
-2564
-1673
15556
392
-7217
14228
-6508
-3242
8212
8462
-2596
-2158
14426
15334
13699
10397
9990
5031
276
15220
15154
14136
-8006
9091
1640
1787
-890
14078
13739
-1119
-6742
-12462
-4205
12113
-1918
-11627
3921
12967
8310
6672
14027
-15643
-12328
-15474
6352
4972
-2
-13598
-10547
-7634
-6828
-15647
10380
-692
5291
14092
5653
2553
12831
2501
-7676
442
-6134
10189
1644
-12892
10649
3232
-14278
1740
6262
4309
-3102
9197
12306
3162
3288
4498
517
-9887
-3850
8316
-13990
-8622
12810
5496
-2156
-8830
-8139
-11088
-14565
13889
5097
-10083
-4945
-1358
6167
12967
11485
12623
-11899
-12811
-466
1955
-3311
-3787
-7240
1131
8969
-3551
-16323
13123
-2848
11487
-8586
-12869
9901
5442
-7678
5972
12805
14043
-14470
-7387
14239
7689
6963
-10456
13517
9234
-2329
-8316
-2479
7552
-8416
437
15943
14251
2408
1803
1144
2064
-14937
-3077
3349
6473
13574
11670
-13508
12723
11633
9541
-1379
1424
2335
-12206
-12482
4609
1674
-15820
-8579
-13959
-974
-14109
-6313
8246
12259
15164
6579
11587
-12791
-6247
2228
-8565
5057
-10287
8502
4849
16061
7159
-980
-3337
-6918
-14070
-6160
15191
-14926
9221
4944
-15907
7209
9341
-11058
13432
-7335
-567
7943
-14281
-7527
-3985
9087
4716
13717
15024
-12046
6853
-15543
10974
-512
-4354
-3540
-12600
12235
7295
-3840
594
15065
3172
15206
-1500
11502
-4647
16153
-12401
-14588
5566
-8243
12568
12571
-13582
9409
7719
6514
12627
-1350
7793
902
-16066
-1358
-9929
751
-7846
12045
-13392
14248
826
14231
-1012
-16012
194
-3852
-965
-10423
10757
14630
-3629
1081
2931
4916
-15557
-3282
7402
-6194
6693
-11369
-6369
-8601
-12768
2168
-6322
-3785
5941
13513
14638
9605
-10753
-5826
-4846
-7123
-3185
12703
7928
11521
5404
15758
-11234
9624
988
5528
2021
-4394
15566
6652
-8007
-7183
-1674
15976
2769
6564
-14127
-7558
-6147
-9105
13799
14694
-4870
-15833
6810
4649
11051
12434
-5613
6759
9780
12280
-6344
-5945
5331
1396
12758
16368
16178
-6254
-6470
11455
-11509
12281
-6786
13315
15157
-10526
-13485
-12413
-9349
14536
12731
-12004
2839
-8926
-5953
-1846
-9695
-7676
-3380
-5043
3401
1601
-15084
-9694
8427
-14369
1068
-270
-3566
15755
9248
-7302
8812
13072
-12056
3786
8629
12773
-2482
-10414
-12190
-255
3846
2102
9799
5207
13947
15907
-11101
-4101
1193
-15903
6851
-1755
-4548
7004
-2829
3218
10259
7331
-6753
11571
14885
9858
320
3190
-546
10346
-14530
8614
-9433
-3458
-850
4276
10905
9965
-13759
-12010
-8530
-10053
11880
-9358
-1698
-12028
13043
958
-15503
4941
1095
-7231
-3706
-14506
-10956
3043
-7849
-1565
-13376
-5544
15022
-2679
-4742
-1619
15355
-3757
198
-5964
13204
-1724
1360
-16284
9456
14185
-6084
-7372
-9564
3466
-8875
11432
7256
-1724
14318
-13186
5727
10940
-627
6610
1579
7336
5818
207
484
14456
16271
5471
-11732
15241
5183
-665
6492
-5559
-8007
13419
14970
6749
-15785
-12702
-7262
651
-8343
13398
15555
10264
2901
7812
5106
-5006
14873
2964
-2084
434
10205
-2079
-3083
4428
609
-2912
-4179
11953
-15394
6623
3336
-3302
1921
-3287
8698
12797
6316
-15946
7783
-6088
6616
-520
8085
13223
-15466
15637
-2456
-688
-10785
3311
-8070
2967
-10236
-9698
-6769
-1571
-7661
-8848
-13933
10552
-6553
12630
-10966
12597
2223
-4512
3835
5387
-5130
12420
10582
15515
-14498
-13591
6246
7409
-6597
3157
13078
10897
1852
-7266
7455
-1672
13063
9291
-11501
1917
11666
-9070
2624
11735
-10741
-9256
-15829
7158
-3310
-339
15966
840
15166
-12119
6299
16132
-2511
3127
2571
-3308
12957
-13892
-10993
10755
-15859
-6256
-2478
-8587
-7304
-6137
-13249
-1656
-10102
11506
-1381
-11600
500
14765
-8441
202
11665
15810
-13366
13794
3988
-5520
-6388
6159
6279
-5482
-10756
-3592
14964
7331
3135
1306
8271
-1486
7358
-3311
9148
9181
9793
-15317
16342
-6920
-5304
14339
-2739
-5935
4463
6436
54
-1412
16182
-8148
-1986
-8133
13617
-15954
14224
-10053
-7003
12487
15628
10382
3854
15312
12427
-10602
3365
11646
9645
-10636
8211
-14595
-13358
-5703
-2198
5363
-8565
-14100
16164
-7068
11306
10405
-12589
9577
-5874
-6715
438
5351
-755
14380
-12440
-10482
197
982
218
-14788
-1408
8700
7226
1491
12468
-274
1963
11252
-12856
-11032
3649
-10413
-3354
-14625
8739
1304
2414
-10186
15077
-11812
6617
12020
-13091
-2515
-4712
3610
12283
-10383
1588
-4555
1545
15472
15661
-9405
11868
-24
14844
13643
2183
7236
-10919
-14289
4140
-11860
12239
15798
-12782
-7579
-8006